hash,2,itr,22,probe,20,55.73300361633301,[0.5875999999999999, 1.354109803921569, 1122.72, 0.4603059081385983]
hash,2,itr,25,probe,20,56.034650802612305,[0.5875999999999999, 1.3541254901960786, 1122.78, 0.46031325705076576]
hash,3,itr,22,probe,16,58.486528396606445,[0.6988, 1.3008156862745097, 857.18, 0.5537888283642225]
hash,3,itr,25,probe,16,58.878326416015625,[0.6988, 1.3008470588235292, 857.22, 0.5538035261885577]
hash,3,itr,22,probe,18,58.98711681365967,[0.7, 1.2998117647058822, 855.1, 0.554596744560838]
hash,3,itr,25,probe,18,59.10236358642578,[0.7, 1.2998431372549017, 855.14, 0.5546114423851733]
hash,3,itr,22,probe,20,59.06657695770264,[0.7003999999999999, 1.2990588235294114, 853.34, 0.5546700789685737]
hash,3,itr,25,probe,20,59.351115226745605,[0.7003999999999999, 1.2990901960784311, 853.38, 0.5546847767929086]
hash,4,itr,12,probe,16,59.40425395965576,[0.8080000000000002, 1.1887999999999999, 558.56, 0.6176306849315072]
hash,4,itr,12,probe,18,59.64442253112793,[0.8084000000000002, 1.188564705882353, 558.28, 0.6179465334407741]
hash,4,itr,12,probe,20,59.733872413635254,[0.8088000000000001, 1.1878274509803923, 556.62, 0.6180272167606771]
hash,4,itr,14,probe,16,60.485825538635254,[0.8088000000000002, 1.1882980392156863, 554.78, 0.6182476841257054]
hash,4,itr,14,probe,18,61.029372215270996,[0.8092000000000003, 1.188078431372549, 554.5, 0.6185708815471398]
hash,4,itr,14,probe,20,61.142778396606445,[0.8092000000000003, 1.1881254901960785, 554.7, 0.6185929282836427]
hash,4,itr,17,probe,16,61.61917686462402,[0.8096000000000002, 1.187607843137255, 551.34, 0.6187764963738924]
hash,4,itr,19,probe,16,62.07123279571533,[0.8096000000000002, 1.1877803921568628, 551.32, 0.6188573344077362]
hash,4,itr,22,probe,16,62.219834327697754,[0.8096000000000002, 1.1878117647058823, 551.34, 0.6188720322320711]
hash,4,itr,25,probe,16,62.476234436035156,[0.8096000000000002, 1.187827450980392, 551.36, 0.6188793811442388]
hash,4,itr,17,probe,18,61.59339427947998,[0.8100000000000003, 1.1873882352941179, 551.06, 0.619099693795327]
hash,4,itr,17,probe,20,62.632408142089844,[0.8100000000000003, 1.1874196078431374, 551.24, 0.6191143916196622]
hash,4,itr,19,probe,18,62.32964038848877,[0.8100000000000003, 1.1875607843137255, 551.04, 0.6191805318291703]
hash,4,itr,19,probe,20,62.86478042602539,[0.8100000000000003, 1.1875607843137255, 551.22, 0.6191805318291703]
hash,4,itr,22,probe,18,62.85048961639404,[0.8100000000000003, 1.1875764705882355, 551.06, 0.619187880741338]
hash,4,itr,22,probe,20,63.329505920410156,[0.8100000000000003, 1.1875764705882355, 551.24, 0.619187880741338]
hash,4,itr,25,probe,18,62.688636779785156,[0.8100000000000003, 1.1875921568627452, 551.08, 0.6191952296535057]
hash,4,itr,25,probe,20,63.415350914001465,[0.8100000000000003, 1.1875921568627452, 551.26, 0.6191952296535057]
hash,8,itr,2,probe,2,40.89616775512695,[0.8963999999999999, 1.0627843137254902, 405.28, 0.6527573634165995]
hash,5,itr,12,probe,12,61.880483627319336,[0.8752, 1.1202509803921563, 373.32, 0.6570977469782433]
hash,5,itr,12,probe,14,62.26700305938721,[0.8752, 1.120533333333333, 373.96, 0.6572300273972602]
hash,5,itr,14,probe,12,63.32510948181152,[0.8759999999999999, 1.1199843137254897, 369.62, 0.6578249798549556]
hash,5,itr,14,probe,14,63.5318660736084,[0.8764, 1.1194509803921564, 368.28, 0.6580011990330377]
hash,5,itr,17,probe,12,64.27250385284424,[0.8767999999999999, 1.119325490196078, 366.2, 0.6583684899274775]
hash,5,itr,12,probe,16,63.79732131958008,[0.8772, 1.118588235294117, 367.84, 0.6584491732473812]
hash,5,itr,19,probe,12,64.7199821472168,[0.8767999999999999, 1.119576470588235, 366.24, 0.6584860725221593]
hash,5,itr,22,probe,12,64.88648414611816,[0.8767999999999999, 1.1195921568627447, 366.26, 0.6584934214343268]
hash,5,itr,17,probe,14,64.7371244430542,[0.8767999999999999, 1.119592156862745, 366.8, 0.6584934214343272]
hash,5,itr,25,probe,12,65.04616737365723,[0.8767999999999999, 1.1196078431372545, 366.28, 0.6585007703464947]
hash,5,itr,19,probe,14,65.29242038726807,[0.8767999999999999, 1.1198588235294114, 366.86, 0.6586183529411764]
hash,5,itr,22,probe,14,65.50146102905273,[0.8767999999999999, 1.1198745098039211, 366.88, 0.6586257018533441]
hash,5,itr,25,probe,14,65.6088924407959,[0.8767999999999999, 1.1198901960784309, 366.9, 0.6586330507655114]
hash,5,itr,12,probe,18,63.72344493865967,[0.8772, 1.1192784313725483, 369.3, 0.6587725253827559]
hash,5,itr,12,probe,20,64.6910047531128,[0.8772, 1.1192784313725483, 369.3, 0.6587725253827559]
hash,5,itr,14,probe,16,64.84011650085449,[0.8788000000000001, 1.1168156862745093, 360.32, 0.6593230749395647]
hash,5,itr,14,probe,18,65.38458347320557,[0.8792, 1.1167215686274508, 359.98, 0.6597050636583399]
hash,5,itr,14,probe,20,65.69897174835205,[0.8792, 1.1167215686274508, 359.98, 0.6597050636583399]
hash,5,itr,17,probe,16,65.92575550079346,[0.8792, 1.1169882352941176, 358.86, 0.6598299951651894]
hash,5,itr,19,probe,16,66.37800216674805,[0.8792, 1.117317647058823, 358.92, 0.6599843223207089]
hash,5,itr,22,probe,16,66.84813499450684,[0.8792, 1.1173490196078426, 358.94, 0.6599990201450441]
hash,5,itr,25,probe,16,66.70865535736084,[0.8792, 1.1173803921568624, 358.96, 0.6600137179693795]
hash,5,itr,17,probe,18,66.45936012268066,[0.8795999999999999, 1.116878431372549, 358.52, 0.6602046349717972]
hash,5,itr,17,probe,20,67.00914859771729,[0.8795999999999999, 1.116878431372549, 358.52, 0.6602046349717972]
hash,5,itr,19,probe,18,67.04705715179443,[0.8795999999999999, 1.1172078431372545, 358.58, 0.6603589621273165]
hash,5,itr,19,probe,20,67.4310827255249,[0.8795999999999999, 1.1172078431372545, 358.58, 0.6603589621273165]
hash,5,itr,22,probe,18,67.16550350189209,[0.8795999999999999, 1.1172392156862743, 358.6, 0.6603736599516519]
hash,5,itr,22,probe,20,68.03112030029297,[0.8795999999999999, 1.1172392156862743, 358.6, 0.6603736599516519]
hash,5,itr,25,probe,20,67.8507137298584,[0.8795999999999999, 1.1172705882352938, 358.62, 0.660388357775987]
hash,5,itr,25,probe,18,67.57652282714844,[0.8795999999999999, 1.1172705882352938, 358.62, 0.660388357775987]
hash,8,itr,2,probe,4,43.21176528930664,[0.9031999999999998, 1.0856627450980394, 388.32, 0.670719149073328]
hash,8,itr,2,probe,6,44.93020534515381,[0.9059999999999998, 1.0833098039215687, 382.06, 0.6725993875906526]
hash,8,itr,2,probe,8,47.017531394958496,[0.9096000000000001, 1.0801411764705884, 373.18, 0.6749496470588239]
hash,6,itr,7,probe,12,57.78965950012207,[0.9080000000000003, 1.085662745098039, 299.02, 0.6758321353746981]
hash,6,itr,7,probe,14,58.9861536026001,[0.9080000000000003, 1.0859764705882349, 299.5, 0.6759791136180502]
hash,8,itr,2,probe,10,49.27335262298584,[0.912, 1.0777098039215687, 366.54, 0.6763670588235295]
hash,8,itr,2,probe,12,50.21523475646973,[0.9124000000000001, 1.0773490196078432, 365.56, 0.6766241160354556]
hash,8,itr,2,probe,14,51.23884677886963,[0.9128000000000001, 1.0771921568627452, 364.66, 0.6769767091055603]
hash,6,itr,7,probe,16,59.68695640563965,[0.9104000000000002, 1.0835294117647054, 293.66, 0.6773891764705884]
hash,8,itr,2,probe,16,52.64720439910889,[0.914, 1.0761568627450984, 361.88, 0.6777699274778408]
hash,6,itr,7,probe,18,60.67420959472656,[0.9116000000000001, 1.0819607843137249, 290.0, 0.6779325318291698]
hash,8,itr,2,probe,18,53.8954496383667,[0.914, 1.076737254901961, 363.06, 0.6780418372280421]
hash,6,itr,7,probe,20,61.233277320861816,[0.912, 1.0812862745098035, 289.26, 0.6780426107977437]
hash,8,itr,2,probe,20,54.35241222381592,[0.914, 1.0771137254901963, 363.82, 0.678218211120065]
hash,6,itr,9,probe,12,61.2211275100708,[0.9172000000000001, 1.0760313725490196, 259.1, 0.6811197937147466]
hash,6,itr,9,probe,14,62.092576026916504,[0.9172000000000001, 1.0763294117647058, 259.58, 0.6812594230459312]
hash,6,itr,9,probe,16,63.35672378540039,[0.9204000000000002, 1.0726117647058822, 249.72, 0.6829263883964547]
hash,6,itr,9,probe,18,64.34269428253174,[0.9208000000000003, 1.072721568627451, 250.16, 0.6834039129734089]
hash,6,itr,9,probe,20,64.60214614868164,[0.9208000000000003, 1.0728627450980392, 251.46, 0.6834700531829174]
hash,6,itr,12,probe,12,64.34874534606934,[0.9224000000000003, 1.071827450980392, 237.16, 0.6846893537469787]
hash,6,itr,12,probe,14,64.79660034179688,[0.9224000000000003, 1.0721254901960784, 237.6, 0.6848289830781635]
hash,6,itr,14,probe,12,65.73036193847656,[0.9240000000000002, 1.069960784313725, 229.9, 0.6855191619661565]
hash,6,itr,14,probe,14,66.72983646392822,[0.9240000000000004, 1.0702431372549015, 230.28, 0.6856514423851734]
hash,6,itr,17,probe,12,66.83372020721436,[0.9244000000000001, 1.0701176470588234, 228.48, 0.6860187332796135]
hash,6,itr,19,probe,12,67.32503414154053,[0.9244000000000001, 1.07038431372549, 228.46, 0.6861436647864627]
hash,6,itr,17,probe,14,67.50697612762451,[0.9244000000000002, 1.0704, 228.82, 0.6861510136986302]
hash,6,itr,22,probe,12,67.08785057067871,[0.9244000000000001, 1.0704313725490195, 228.46, 0.6861657115229658]
hash,6,itr,25,probe,12,67.45036602020264,[0.9244000000000001, 1.070462745098039, 228.48, 0.686180409347301]
hash,6,itr,19,probe,14,67.82017230987549,[0.9244000000000002, 1.0706666666666664, 228.8, 0.6862759452054796]
hash,6,itr,22,probe,14,68.08881759643555,[0.9244000000000002, 1.070713725490196, 228.8, 0.6862979919419825]
hash,6,itr,25,probe,14,68.40928554534912,[0.9244000000000002, 1.0707450980392155, 228.82, 0.6863126897663179]
hash,7,itr,7,probe,2,52.031588554382324,[0.9272000000000001, 1.0650823529411766, 240.78, 0.6866423078162778]
hash,6,itr,12,probe,16,66.30040645599365,[0.9264000000000003, 1.0669176470588233, 223.88, 0.6866499661563259]
hash,8,itr,4,probe,2,46.50707721710205,[0.9259999999999998, 1.0687058823529412, 288.62, 0.6870616599516517]
hash,6,itr,12,probe,18,67.47153759002686,[0.9268000000000004, 1.0670117647058823, 224.4, 0.6871201418211126]
hash,6,itr,12,probe,20,67.99433708190918,[0.9268000000000004, 1.0672156862745097, 225.72, 0.6872156776792913]
hash,6,itr,14,probe,16,67.91611194610596,[0.9276000000000003, 1.0660078431372546, 218.42, 0.6875019758259471]
hash,6,itr,14,probe,18,68.42368602752686,[0.9280000000000003, 1.0661019607843136, 218.94, 0.6879721514907338]
hash,6,itr,17,probe,16,68.85257720947266,[0.9280000000000003, 1.0662431372549017, 217.0, 0.6880382917002421]
hash,6,itr,14,probe,20,69.10519599914551,[0.9280000000000003, 1.0663215686274508, 220.26, 0.6880750362610799]
hash,6,itr,19,probe,16,69.15348052978516,[0.9280000000000003, 1.0665098039215684, 216.98, 0.6881632232070916]
hash,6,itr,22,probe,16,69.59870338439941,[0.9280000000000003, 1.066541176470588, 216.98, 0.6881779210314267]
hash,6,itr,25,probe,16,69.36861038208008,[0.9280000000000003, 1.0665568627450979, 217.0, 0.6881852699435942]
hash,6,itr,17,probe,18,69.68428134918213,[0.9284000000000002, 1.06638431372549, 217.52, 0.6885305141015314]
hash,6,itr,17,probe,20,70.12597560882568,[0.9284000000000002, 1.0666039215686274, 218.84, 0.6886333988718778]
hash,6,itr,19,probe,18,69.92165565490723,[0.9284000000000002, 1.0666823529411764, 217.5, 0.6886701434327158]
hash,6,itr,22,probe,18,70.16347885131836,[0.9284000000000002, 1.066729411764706, 217.5, 0.6886921901692189]
hash,6,itr,25,probe,18,70.4277515411377,[0.9284000000000002, 1.0667450980392157, 217.52, 0.6886995390813864]
hash,6,itr,19,probe,20,70.33606052398682,[0.9284000000000002, 1.066886274509804, 218.82, 0.6887656792908947]
hash,6,itr,22,probe,20,70.79705715179443,[0.9284000000000002, 1.0669333333333333, 218.82, 0.6887877260273978]
hash,6,itr,25,probe,20,71.03284358978271,[0.9284000000000002, 1.0669490196078433, 218.84, 0.6887950749395653]
hash,8,itr,4,probe,4,49.27821159362793,[0.9327999999999999, 1.061756862745098, 270.84, 0.6910494891216761]
hash,7,itr,7,probe,4,54.32695388793945,[0.9348000000000003, 1.058023529411765, 217.86, 0.6914308589846905]
hash,7,itr,9,probe,2,55.46526908874512,[0.9356000000000002, 1.0575372549019606, 205.3, 0.6920552070910562]
hash,8,itr,4,probe,6,50.83630084991455,[0.9359999999999998, 1.059043137254902, 263.16, 0.6931867848509268]
hash,7,itr,7,probe,6,56.06619834899902,[0.9388000000000004, 1.0533333333333337, 206.36, 0.6934943561643845]
hash,7,itr,7,probe,8,57.660603523254395,[0.9416000000000002, 1.0512470588235294, 201.62, 0.6954995261885579]
hash,7,itr,12,probe,2,58.54506969451904,[0.9412000000000001, 1.0527372549019605, 182.06, 0.6957715906526998]
hash,8,itr,4,probe,8,52.99295425415039,[0.9403999999999998, 1.054588235294118, 252.38, 0.6957865979049156]
hash,7,itr,14,probe,2,59.77884769439697,[0.9432, 1.0504627450980393, 172.94, 0.696836409347301]
hash,7,itr,7,probe,10,59.683566093444824,[0.9440000000000002, 1.0487843137254902, 196.3, 0.6969022401289284]
hash,7,itr,9,probe,4,57.70731449127197,[0.9440000000000001, 1.0491294117647056, 177.88, 0.6970639161966157]
hash,7,itr,7,probe,12,60.32416820526123,[0.9444000000000001, 1.048329411764706, 195.42, 0.697115203867849]
hash,8,itr,4,probe,10,55.136895179748535,[0.9415999999999998, 1.0547137254901964, 251.08, 0.6971236357775987]
hash,7,itr,17,probe,2,60.67507266998291,[0.9440000000000001, 1.0499607843137253, 169.66, 0.6974534085414987]
hash,8,itr,4,probe,12,55.6920051574707,[0.9419999999999998, 1.0545098039215688, 249.96, 0.6974541821112006]
hash,7,itr,7,probe,14,61.51173114776611,[0.9448000000000001, 1.0482666666666667, 194.4, 0.6975118904109592]
hash,7,itr,19,probe,2,60.943803787231445,[0.9440000000000001, 1.0502588235294115, 169.62, 0.6975930378726836]
hash,7,itr,22,probe,2,61.61361217498779,[0.9440000000000001, 1.0503215686274512, 169.62, 0.6976224335213541]
hash,7,itr,25,probe,2,61.65797233581543,[0.9440000000000001, 1.0503529411764707, 169.64, 0.697637131345689]
hash,8,itr,4,probe,14,56.797518730163574,[0.9427999999999997, 1.0536156862745099, 247.38, 0.6978874585012087]
hash,7,itr,7,probe,16,63.218698501586914,[0.9472, 1.0450196078431373, 185.8, 0.6985471587429495]
hash,8,itr,4,probe,16,58.63844871520996,[0.9435999999999999, 1.053521568627451, 246.08, 0.6986955294117649]
hash,8,itr,4,probe,18,59.64550971984863,[0.9439999999999997, 1.053364705882353, 245.26, 0.6990481224818694]
hash,7,itr,9,probe,6,59.1725492477417,[0.9484, 1.0437019607843134, 164.4, 0.6992080966962126]
hash,8,itr,4,probe,20,60.445523262023926,[0.9443999999999998, 1.053113725490196, 244.02, 0.6993566220789686]
hash,7,itr,7,probe,18,64.05117988586426,[0.9484, 1.0442980392156864, 182.26, 0.6994873553585819]
hash,7,itr,7,probe,20,64.58765506744385,[0.9484, 1.0443137254901962, 183.04, 0.6994947042707496]
hash,7,itr,12,probe,4,60.915799140930176,[0.9512000000000002, 1.0410666666666664, 146.64, 0.7009560547945206]
hash,7,itr,9,probe,8,61.201233863830566,[0.9512, 1.0418666666666665, 159.9, 0.7013308493150687]
hash,7,itr,14,probe,4,62.244415283203125,[0.9528, 1.0396078431372549, 139.26, 0.7019769347300566]
hash,7,itr,17,probe,4,63.07896137237549,[0.9531999999999999, 1.0398274509803922, 137.88, 0.7025059016921837]
hash,7,itr,19,probe,4,63.342552185058594,[0.9531999999999999, 1.0401098039215686, 137.82, 0.7026381821112007]
hash,7,itr,22,probe,4,63.81340026855469,[0.9531999999999999, 1.0401411764705881, 137.82, 0.7026528799355358]
hash,7,itr,25,probe,4,63.90055179595947,[0.9531999999999999, 1.0401725490196077, 137.84, 0.7026675777598712]
hash,7,itr,9,probe,10,62.91055202484131,[0.9528, 1.0412392156862744, 158.66, 0.7027412215954876]
hash,7,itr,9,probe,12,63.904924392700195,[0.9531999999999999, 1.0407372549019607, 157.82, 0.7029321385979053]
hash,7,itr,12,probe,6,62.22683906555176,[0.9548000000000002, 1.0375686274509803, 136.88, 0.7031519871071719]
hash,7,itr,9,probe,14,64.36713695526123,[0.9535999999999999, 1.040705882352941, 156.82, 0.7033435229653506]
hash,8,itr,7,probe,2,53.3711576461792,[0.9543999999999998, 1.0406745098039216, 168.92, 0.704180989524577]
hash,7,itr,14,probe,6,63.60827445983887,[0.9567999999999999, 1.035513725490196, 127.7, 0.7043196905721192]
hash,7,itr,9,probe,16,66.40686988830566,[0.9559999999999998, 1.0376313725490194, 148.28, 0.7044596293311844]
hash,7,itr,17,probe,6,64.85982894897461,[0.9575999999999999, 1.0351058823529413, 124.3, 0.7049807832393233]
hash,7,itr,19,probe,6,65.38949489593506,[0.9575999999999999, 1.035435294117647, 124.26, 0.7051351103948429]
hash,7,itr,22,probe,6,65.66461563110352,[0.9575999999999999, 1.0354666666666665, 124.26, 0.705149808219178]
hash,7,itr,25,probe,6,65.859055519104,[0.9575999999999999, 1.035498039215686, 124.28, 0.7051645060435132]
hash,7,itr,12,probe,8,64.04032230377197,[0.9576, 1.0358117647058824, 131.98, 0.7053114842868657]
hash,7,itr,9,probe,18,67.09690570831299,[0.9571999999999998, 1.0369411764705883, 144.7, 0.7054145237711522]
hash,7,itr,9,probe,20,68.08060646057129,[0.9571999999999998, 1.036956862745098, 145.48, 0.7054218726833199]
hash,7,itr,14,probe,8,65.65273761749268,[0.9592000000000002, 1.0343999999999998, 124.88, 0.7063544109589042]
hash,7,itr,17,probe,8,66.7457103729248,[0.9596000000000001, 1.0346196078431373, 123.46, 0.706883377921032]
hash,7,itr,12,probe,10,66.35592460632324,[0.9592, 1.0355294117647056, 131.08, 0.7068835326349716]
hash,7,itr,19,probe,8,66.73260688781738,[0.9596000000000001, 1.0349176470588235, 123.42, 0.7070230072522163]
hash,7,itr,22,probe,8,67.06506252288818,[0.9596000000000001, 1.034949019607843, 123.42, 0.7070377050765513]
hash,7,itr,25,probe,8,67.42610931396484,[0.9596000000000001, 1.0349803921568625, 123.44, 0.7070524029008864]
hash,7,itr,12,probe,12,67.3363733291626,[0.96, 1.0341490196078431, 128.46, 0.7070889927477841]
hash,7,itr,12,probe,14,67.69975185394287,[0.9608, 1.033349019607843, 125.46, 0.7075663626107977]
hash,7,itr,14,probe,10,67.00858116149902,[0.9608000000000001, 1.034227450980392, 123.8, 0.7079779016921839]
hash,7,itr,14,probe,12,68.26493740081787,[0.9612, 1.0336313725490194, 122.98, 0.7081247252215954]
hash,7,itr,14,probe,14,69.33169364929199,[0.9616, 1.0335686274509803, 121.96, 0.7085214117647058]
hash,7,itr,17,probe,10,68.49597454071045,[0.9616000000000001, 1.033866666666667, 120.38, 0.7086610410958909]
hash,7,itr,12,probe,16,69.30699825286865,[0.9636, 1.0294901960784313, 114.92, 0.7087411055600321]
hash,7,itr,17,probe,12,69.97320652008057,[0.9620000000000001, 1.0332705882352942, 119.56, 0.7088078646253024]
hash,7,itr,19,probe,10,69.0782880783081,[0.9616000000000001, 1.0342117647058822, 120.34, 0.7088227171635779]
hash,7,itr,22,probe,10,68.96159648895264,[0.9616000000000001, 1.0342745098039214, 120.34, 0.7088521128122487]
hash,7,itr,25,probe,10,69.41293716430664,[0.9616000000000001, 1.034321568627451, 120.36, 0.7088741595487515]
hash,7,itr,19,probe,12,70.16222953796387,[0.9620000000000001, 1.0336156862745096, 119.52, 0.7089695406929897]
hash,7,itr,22,probe,12,69.87422466278076,[0.9620000000000001, 1.033678431372549, 119.52, 0.70899893634166]
hash,7,itr,25,probe,12,70.41051387786865,[0.9620000000000001, 1.0337254901960784, 119.54, 0.7090209830781629]
hash,8,itr,7,probe,4,55.59040069580078,[0.9627999999999999, 1.03201568627451, 143.1, 0.7090721160354554]
hash,7,itr,17,probe,14,70.0442123413086,[0.9623999999999999, 1.0331764705882354, 118.54, 0.7091898533440772]
hash,7,itr,19,probe,14,70.53257465362549,[0.9623999999999999, 1.0335058823529413, 118.5, 0.7093441804995972]
hash,7,itr,22,probe,14,70.75655460357666,[0.9623999999999999, 1.0335686274509803, 118.5, 0.7093735761482673]
hash,7,itr,25,probe,14,71.29113674163818,[0.9623999999999999, 1.0336156862745098, 118.52, 0.7093956228847704]
hash,7,itr,12,probe,18,70.09251594543457,[0.9648, 1.0288941176470587, 111.34, 0.7097400934730058]
hash,7,itr,12,probe,20,70.90063571929932,[0.9648, 1.0289098039215685, 112.12, 0.7097474423851735]
hash,7,itr,14,probe,16,70.7123613357544,[0.9648, 1.0290196078431373, 109.46, 0.7097988847703467]
hash,8,itr,9,probe,2,56.6296911239624,[0.9643999999999998, 1.0309490196078428, 125.94, 0.7102767187751811]
hash,7,itr,17,probe,16,71.90858840942383,[0.9655999999999999, 1.0286274509803923, 106.06, 0.7104673263497181]
hash,7,itr,19,probe,16,72.18162059783936,[0.9655999999999999, 1.0289098039215685, 106.0, 0.710599606768735]
hash,7,itr,22,probe,16,72.56060600280762,[0.9655999999999999, 1.0289568627450978, 106.0, 0.7106216535052376]
hash,7,itr,25,probe,16,72.74755477905273,[0.9655999999999999, 1.0289882352941178, 106.02, 0.7106363513295728]
hash,7,itr,14,probe,18,71.4351224899292,[0.966, 1.0284235294117647, 105.86, 0.7107978726833202]
hash,7,itr,14,probe,20,72.28750228881836,[0.966, 1.0284392156862745, 106.64, 0.7108052215954879]
hash,7,itr,17,probe,18,72.84435749053955,[0.9667999999999999, 1.0280313725490198, 102.46, 0.7114663142626914]
hash,7,itr,17,probe,20,73.05461406707764,[0.9667999999999999, 1.0280470588235295, 103.24, 0.7114736631748588]
hash,8,itr,7,probe,6,57.80045509338379,[0.9672, 1.027278431372549, 129.28, 0.7115396486704273]
hash,7,itr,19,probe,18,72.98203945159912,[0.9667999999999999, 1.0283137254901962, 102.4, 0.7115985946817083]
hash,7,itr,19,probe,20,74.0162467956543,[0.9667999999999999, 1.028329411764706, 103.18, 0.7116059435938757]
hash,7,itr,22,probe,18,73.40742111206055,[0.9667999999999999, 1.0283607843137255, 102.4, 0.7116206414182109]
hash,7,itr,22,probe,20,73.56371402740479,[0.9667999999999999, 1.0283764705882354, 103.18, 0.7116279903303788]
hash,7,itr,25,probe,18,73.51046085357666,[0.9667999999999999, 1.0283921568627454, 102.42, 0.7116353392425465]
hash,7,itr,25,probe,20,74.29076194763184,[0.9667999999999999, 1.0284078431372552, 103.2, 0.7116426881547142]
hash,8,itr,7,probe,8,59.71463680267334,[0.9708, 1.0249411764705882, 121.34, 0.7142794004834812]
hash,8,itr,12,probe,2,59.54366683959961,[0.9712, 1.0244235294117647, 96.52, 0.7144629685737309]
hash,8,itr,9,probe,4,58.91822338104248,[0.9723999999999998, 1.023278431372549, 101.52, 0.7152047445608378]
hash,8,itr,14,probe,2,61.10292911529541,[0.9731999999999995, 1.0225254901960785, 87.78, 0.7157041611603543]
hash,8,itr,7,probe,10,62.49433994293213,[0.9723999999999998, 1.0245803921568628, 118.26, 0.7158147042707494]
hash,8,itr,7,probe,12,63.05464267730713,[0.9732, 1.0237176470588236, 115.2, 0.7162626784850927]
hash,8,itr,17,probe,2,62.42650508880615,[0.9743999999999996, 1.0215686274509805, 82.52, 0.7165341240934731]
hash,8,itr,7,probe,14,63.84885787963867,[0.9739999999999999, 1.0227294117647059, 112.62, 0.7166518614020949]
hash,8,itr,19,probe,2,62.34145641326904,[0.9743999999999996, 1.0220862745098038, 82.52, 0.7167766381950038]
hash,8,itr,22,probe,2,62.838311195373535,[0.9743999999999996, 1.0221960784313724, 82.52, 0.716828080580177]
hash,8,itr,25,probe,2,63.15239906311035,[0.9743999999999996, 1.0222431372549017, 82.52, 0.7168501273166796]
hash,8,itr,7,probe,16,65.73661804199219,[0.9748, 1.0226352941176469, 111.34, 0.7174599323126511]
hash,8,itr,7,probe,18,66.24279022216797,[0.9752, 1.0225098039215688, 110.34, 0.7178272232070912]
hash,8,itr,9,probe,6,61.25365734100342,[0.9771999999999998, 1.0180862745098038, 85.98, 0.71788524093473]
hash,8,itr,7,probe,20,66.78492546081543,[0.9756, 1.022321568627451, 109.1, 0.7181651184528606]
hash,8,itr,12,probe,4,61.86563968658447,[0.9811999999999996, 1.012972549019608, 62.08, 0.7197503174858981]
hash,8,itr,9,probe,8,63.103837966918945,[0.9803999999999999, 1.016972549019608, 80.54, 0.720772125705077]
hash,8,itr,14,probe,4,63.22708606719971,[0.9823999999999995, 1.0129254901960787, 57.02, 0.7210065173247378]
hash,8,itr,17,probe,4,64.59982872009277,[0.9835999999999996, 1.0120627450980395, 51.72, 0.7218805737308622]
hash,8,itr,19,probe,4,65.01027584075928,[0.9835999999999996, 1.0125019607843138, 51.72, 0.722086343271555]
hash,8,itr,22,probe,4,65.23712158203125,[0.9835999999999996, 1.012564705882353, 51.72, 0.7221157389202253]
hash,8,itr,25,probe,4,65.43661117553711,[0.9835999999999996, 1.0125960784313726, 51.72, 0.7221304367445607]
hash,8,itr,9,probe,10,65.1873254776001,[0.9827999999999997, 1.0152313725490196, 73.38, 0.7225128896051569]
hash,8,itr,12,probe,6,64.17465209960938,[0.9852, 1.0099921568627452, 50.34, 0.7226148460918616]
hash,8,itr,9,probe,12,65.790696144104,[0.9835999999999998, 1.0143843137254902, 70.32, 0.7229682127316679]
hash,8,itr,9,probe,14,66.82920455932617,[0.9839999999999998, 1.014243137254902, 69.5, 0.7233281547139403]
hash,8,itr,14,probe,6,65.276780128479,[0.9867999999999998, 1.0092549019607844, 43.24, 0.7239737759871072]
hash,8,itr,9,probe,16,68.83664608001709,[0.9847999999999999, 1.0140862745098038, 68.2, 0.7241068299758258]
hash,8,itr,9,probe,18,69.09199714660645,[0.986, 1.0124549019607842, 63.44, 0.7246207896857375]
hash,8,itr,17,probe,6,66.39750003814697,[0.9879999999999999, 1.0084392156862747, 38.0, 0.7248698791297341]
hash,8,itr,9,probe,20,70.56357383728027,[0.9863999999999998, 1.0122666666666666, 62.2, 0.7249586849315068]
hash,8,itr,19,probe,6,66.84207916259766,[0.9879999999999999, 1.0089098039215687, 38.02, 0.7250903464947624]
hash,8,itr,22,probe,6,67.27731227874756,[0.9879999999999999, 1.0089882352941175, 38.02, 0.7251270910556002]
hash,8,itr,25,probe,6,67.40054607391357,[0.9879999999999999, 1.009019607843137, 38.02, 0.7251417888799354]
hash,8,itr,12,probe,8,65.7087230682373,[0.9891999999999999, 1.007921568627451, 40.64, 0.7259056116035456]
hash,8,itr,14,probe,8,67.48174667358398,[0.9919999999999998, 1.0048784313725492, 27.72, 0.7274624979854958]
hash,8,itr,12,probe,10,67.78714656829834,[0.9907999999999998, 1.0080627450980388, 37.3, 0.727676080580177]
hash,8,itr,12,probe,12,69.34298992156982,[0.9915999999999999, 1.0072313725490192, 34.24, 0.7281387526188556]
hash,8,itr,17,probe,8,68.34464073181152,[0.9931999999999997, 1.0040941176470588, 22.34, 0.7283732989524578]
hash,8,itr,12,probe,14,70.12913703918457,[0.9919999999999999, 1.007247058823529, 33.46, 0.7285721837228041]
hash,8,itr,19,probe,8,68.81091594696045,[0.9931999999999997, 1.0046274509803923, 22.36, 0.7286231619661563]
hash,8,itr,22,probe,8,69.14539813995361,[0.9931999999999997, 1.0047058823529411, 22.36, 0.7286599065269943]
hash,8,itr,25,probe,8,68.69017601013184,[0.9931999999999997, 1.0047372549019606, 22.36, 0.7286746043513292]
hash,8,itr,14,probe,10,69.66464519500732,[0.9943999999999998, 1.0035764705882355, 20.48, 0.7294090314262696]
hash,8,itr,12,probe,16,72.49935150146484,[0.9932000000000001, 1.00636862745098, 30.22, 0.7294388912167609]
hash,8,itr,14,probe,12,70.77313423156738,[0.9952, 1.0027450980392159, 17.42, 0.729871703464948]
hash,8,itr,12,probe,18,72.89376735687256,[0.9939999999999999, 1.0056156862745096, 27.38, 0.7299383078162771]
hash,8,itr,12,probe,20,73.28043937683105,[0.9943999999999998, 1.005427450980392, 26.14, 0.7302762030620464]
hash,8,itr,14,probe,14,71.70168399810791,[0.9955999999999999, 1.0027764705882354, 16.66, 0.7303124834810637]
hash,8,itr,17,probe,10,70.40953159332275,[0.9955999999999999, 1.0028862745098042, 15.12, 0.7303639258662371]
hash,8,itr,19,probe,10,70.53106784820557,[0.9955999999999999, 1.0034823529411765, 15.14, 0.7306431845286059]
hash,8,itr,22,probe,10,71.43431663513184,[0.9955999999999999, 1.0035764705882353, 15.14, 0.7306872780016116]
hash,8,itr,25,probe,10,71.39522075653076,[0.9955999999999999, 1.0036078431372548, 15.14, 0.7307019758259468]
hash,8,itr,17,probe,12,71.95064067840576,[0.9963999999999998, 1.0020549019607845, 12.06, 0.7308265979049156]
hash,8,itr,19,probe,12,72.0357084274292,[0.9963999999999998, 1.0026509803921568, 12.08, 0.7311058565672846]
hash,8,itr,22,probe,12,72.48768329620361,[0.9963999999999998, 1.0027450980392156, 12.08, 0.7311499500402903]
hash,8,itr,25,probe,12,73.27808380126953,[0.9963999999999998, 1.0027764705882352, 12.08, 0.7311646478646254]
hash,8,itr,14,probe,16,73.4644889831543,[0.9968, 1.0019607843137255, 13.42, 0.7312085866236906]
hash,8,itr,17,probe,14,72.59109020233154,[0.9971999999999998, 1.0013960784313727, 9.32, 0.7313701079774373]
hash,8,itr,19,probe,14,73.24517726898193,[0.9971999999999998, 1.002007843137255, 9.34, 0.731656715551974]
hash,8,itr,14,probe,18,73.64110946655273,[0.9976, 1.001192156862745, 10.58, 0.7317006543110396]
hash,8,itr,22,probe,14,73.24357986450195,[0.9971999999999998, 1.0021333333333333, 9.34, 0.7317155068493149]
hash,8,itr,25,probe,14,73.57648849487305,[0.9971999999999998, 1.0021803921568626, 9.34, 0.7317375535858175]
hash,8,itr,14,probe,20,74.95994091033936,[0.998, 1.0010039215686275, 9.34, 0.7320385495568094]
hash,8,itr,17,probe,16,74.95245456695557,[0.9983999999999998, 1.0006588235294118, 6.06, 0.7323029556809024]
hash,8,itr,19,probe,16,74.95028018951416,[0.9983999999999998, 1.001380392156863, 6.08, 0.7326410056406123]
hash,8,itr,22,probe,16,74.43825721740723,[0.9983999999999998, 1.0015686274509803, 6.08, 0.7327291925866235]
hash,8,itr,25,probe,16,75.18682956695557,[0.9983999999999998, 1.0016313725490196, 6.08, 0.7327585882352938]
hash,8,itr,17,probe,18,75.02819538116455,[0.9996, 0.9992313725490198, 1.24, 0.7329124512489931]
hash,8,itr,19,probe,18,75.63847541809082,[0.9996, 0.999937254901961, 1.24, 0.7332431522965352]
hash,8,itr,17,probe,20,76.0669755935669,[1.0, 0.9990431372549021, 0.0, 0.7332503464947626]
hash,8,itr,22,probe,18,75.69481372833252,[0.9996, 1.0001254901960785, 1.24, 0.7333313392425467]
hash,8,itr,25,probe,18,76.1123514175415,[0.9996, 1.0001882352941176, 1.24, 0.733360734891217]
hash,8,itr,19,probe,20,76.16243362426758,[1.0, 0.9997490196078432, 0.0, 0.733581047542305]
hash,8,itr,22,probe,20,76.88232898712158,[1.0, 0.9999372549019608, 0.0, 0.733669234488316]
hash,8,itr,25,probe,20,77.06813335418701,[1.0, 1.0, 0.0, 0.7336986301369866]
